391,49
391,48
391,47
391,46
391,45
391,44
391,43
391,42
391,41
391,40
391,39
391,38
391,37
391,36
391,35
14,6
0,273
0,270
3,2
3,1
3,3
10,246
10,152
10,296
10,184
10,18
10,118
10,240
10,1
10,282
10,2
10,3
11,4
11,16
11,14
11,12
11,1
11,18
11,2
11,3
9,7
9,6
9,1
9,4
9,2
9,3
8,4
8,8
8,15
8,17
8,10
8,1
8,7
8,2
8,3
12,2
12,1
12,3
390,3
390,2
20,2
20,1
390,1
390,0
386,5
386,4
386,3
386,2
20,3
386,1
386,0
383,5
383,4
383,3
383,2
19,2
19,1
383,1
383,0
380,5
380,4
380,3
380,2
19,3
380,1
380,0
377,3
377,2
377,1
377,0
376,3
376,2
376,1
376,0
375,4
375,3
375,2
375,1
375,0
373,4
373,3
373,2
373,1
373,0
371,4
371,3
371,2
18,1
371,1
371,0
368,5
368,4
368,3
368,2
18,3
14,3
13,1
368,1
368,0
367,4
